749 797
863 898
918 932
938 968
1014 1031
1077 1092
1120 1122
1159 1178
1260 1290
1553 1557
1557 1562
1574 1577
1581 1582
1620 1627
1728 1734
1741 1746
1805 1824
1845 1867
1919 1929
1975 1984
2140 2150
2328 2362
2409 2477
3447 3457
3552 3569
699 709
827 837
955 965
1083 1093
1211 1221
1339 1349
1467 1477
1595 1605
1723 1733
1851 1861
1979 1989
2107 2117
2235 2245
2363 2373
2491 2501
2619 2629
2747 2757
2875 2885
3003 3013
3131 3141
3259 3269
3387 3397
3515 3525
3643 3653
3771 3781
3899 3909
4027 4037
